25995
330
353
1456
232499
63
5421
56011
6104
16571
289859
75020
569245
148020
107906
175473
331
95144
8573
5001
45
103165
64
3985
32121
1058
3044
3010
756
380607
97
7919
204702
139256
6290
1
1
201347
28412
54375
320
8522
132899
147636
918173
75175
5984
1
6692
506552
1115
1459
977457
569245
7351
631
398176
71
5870
7305
1027959
183279
569245
1014701
1035447
1069298
569245
5752
189
9354
1
305423
2557
1
9660
17914
12330
568
1
1146
569245
87783
46
9109
23152
1
9020
1
1
1151
6843
569245
24181
2518
5441
42573
569245
3424
1
2891
3991
1190
1477
4125
3615
3109
4820
2101
10689
213
7029
593438
324934
269727
615
8045
765
4193
11390
1365
73391
60
786
1155
4700
66037
5870
187125
1
6042
1
41719
84016
398829
492364
192423
327
135130
4141
4085
3505
59475
181550
228303
88179
111088
3343
167588
182037
3658
3838
41337
28100
19100
4253
606
4035
281740
1
114291
2805
165278
2651
4480
32314
77789
187678
1977
845
96857
323544
39863
173382
218628
21572
517
95707
1673
1422
1736
22
638
82091
223596
16842
102282
117418
8031
2035
3483
46672
163652
28689
2621
1
264
266
222
96
1296
1
1
9508
1492
58
232974
191
669
7005
27758
28282
511859
75256
92357
568320
287032
5848
621651
78885
568320
55228
568320
117361
4815
1020923
65406
2935
3800
1700
115195
2612
460119
51151
886895
61835
146047
5215
1064247
6733
3416
1868
263
41073
567
1063
316347
184347
444934
1058
67
1027477
234715
4738
140655
255
13956
155555
1
2587
7863
101255
105
981
10924
568320
3571
2871
1
7528
8470
1000411
1001
302
253302
1956
210438
22167
106415
1